
Time: 0.000458
Result: 10 2.593326
