
Time: 0.000467
Result: 16 2.593326
