
Time: 0.000653
Result: 10 1.273974 4 2.388855 10 6.004650
