
Time: 0.000462
Result: 9 2.565858
