
Time: 0.000440
Result: 16 2.565857
