
Time: 0.000455
Result: 2 6.170435
