
Time: 0.000412
Result: 15 0.032861
