
Time: 0.006290
Result: 15 0.000329
