
Time: 0.000458
Result: 15 0.164305
