
Time: 0.001131
Result: 10 6.369872 4 11.944278 10 30.023247
