
Time: 0.000415
Result: 16 12.829288
