
Time: 0.002148
Result: 16 12.966632
