
Time: 0.070515
Result: 17197 1654.755371 17223 3274.642578 17229 5727.363281 17222 8155.511230 15849 11403.597656 15924 14647.188477
