
Time: 0.000457
Result: 2 30.852180
