
Time: 0.002130
Result: 9 12.829288
