
Time: 0.000451
Result: 10 12.966632
