
Time: 0.000417
Result: 9 5.131715
