
Time: 0.000487
Result: 2 12.340871
