
Time: 0.000449
Result: 15 0.065722
