
Time: 0.030272
Result: 37787 198222.687500 38761 384212.625000 48668 567003.437500 37786 750462.562500
