
Time: 0.000466
Result: 16 5.186653
