
Time: 0.174356
Result: 17197 661.903015 17223 1309.860718 17229 2290.944092 17222 3262.201416 15849 4561.474609 15924 5858.833496
