
Time: 0.000450
Result: 10 5.186653
