
Time: 0.000597
Result: 10 0.160948 10 0.155427 10 0.148041
