
Time: 0.000465
Result: 16 5.131715
