
Time: 0.000454
Result: 10 2.593326
