
Time: 0.000473
Result: 16 2.593326
