
Time: 0.006972
Result: 15 0.000329
