
Time: 0.000542
Result: 15 0.032861
