
Time: 0.000483
Result: 16 2.565857
