
Time: 0.000493
Result: 2 6.170435
