
Time: 0.000443
Result: 9 2.565858
