
Time: 0.000448
Result: 15 0.164305
