
Time: 0.000462
Result: 16 12.829288
