
Time: 0.000392
Result: 16 12.966632
