
Time: 0.000459
Result: 9 12.829288
