
Time: 0.000543
Result: 2 30.852180
