
Time: 0.000444
Result: 10 12.966632
