
Time: 0.000458
Result: 2 12.340871
