
Time: 0.002027
Result: 9 5.131715
