
Time: 0.000430
Result: 16 5.131715
