
Time: 0.000463
Result: 10 5.186653
