
Time: 0.000521
Result: 15 0.065722
