
Time: 0.000485
Result: 16 5.186653
