
Time: 0.000428
Result: 15 0.032861
