
Time: 0.000471
Result: 9 2.565858
