
Time: 0.000496
Result: 2 6.170435
