
Time: 0.000509
Result: 16 2.565857
