
Time: 0.012374
Result: 10 0.000805 658423 0.000806 658423 0.000777
