
Time: 0.000522
Result: 10 2.593326
