
Time: 0.000515
Result: 16 2.593326
