
Time: 0.007032
Result: 15 0.000329
