
Time: 0.000432
Result: 9 12.829288
