
Time: 0.000471
Result: 10 12.966632
