
Time: 0.000501
Result: 2 30.852180
