
Time: 0.000474
Result: 16 12.966632
