
Time: 0.000463
Result: 16 12.829288
