
Time: 0.000547
Result: 10 6.369872 4 11.944278 10 30.023247
