
Time: 0.000396
Result: 15 0.164305
