
Time: 0.000835
Result: 15 0.065722
