
Time: 0.000562
Result: 16 5.186653
