
Time: 0.000480
Result: 9 5.131715
