
Time: 0.000405
Result: 2 12.340871
