
Time: 0.000504
Result: 10 5.186653
