
Time: 0.000691
Result: 16 5.131715
