
Time: 0.000550
Result: 10 2.593326
