
Time: 0.000584
Result: 10 0.080474 10 0.077714 10 0.074020
