
Time: 0.000486
Result: 9 2.565858
