
Time: 0.000502
Result: 2 6.170435
