
Time: 0.000492
Result: 15 0.032861
