
Time: 3.019439
Result: 17197 33.095032 17223 65.492805 17229 114.547264 17222 163.109039 15849 228.073624 15924 292.941742
