
Time: 0.313520
Result: 17197 330.951508 17223 654.930359 17229 1145.472046 17222 1631.100708 15849 2280.737305 15924 2929.416748
