
Time: 0.050317
Result: 90274 105769.804688 79852 203556.640625 83137 299136.281250 88738 392007.031250
