
Time: 28.818896
Result: 17197 3.309508 17223 6.549284 17229 11.454709 17222 16.310995 15849 22.807281 15924 29.293732
