
Time: 0.006289
Result: 15 0.000329
