
Time: 0.000418
Result: 16 2.565857
