
Time: 0.000596
Result: 16 2.593326
