
Time: 4.818075
Result: 507805 1217.704224 400548 2315.762451 511786 3423.079102 511786 4482.442383
