
Time: 0.000413
Result: 2 30.852180
