
Time: 0.000434
Result: 16 12.966632
