
Time: 0.000465
Result: 15 0.164305
