
Time: 0.000506
Result: 10 12.966632
