
Time: 0.000553
Result: 10 0.402369 10 0.388568 10 0.370101
