
Time: 0.000494
Result: 16 12.829288
