
Time: 0.000397
Result: 9 12.829288
