
Time: 0.012716
Result: 13889 464847.906250 13910 918144.250000 16317 1325967.125000 16766 1772700.000000
