
Time: 0.000475
Result: 10 5.186653
