
Time: 0.000594
Result: 16 5.186653
