
Time: 0.000586
Result: 10 2.547949 4 4.777711 10 12.009300
