
Time: 0.000447
Result: 2 12.340871
