
Time: 0.000400
Result: 9 5.131715
