
Time: 0.000470
Result: 15 0.065722
