
Time: 0.000489
Result: 16 5.131715
